results = [
0 2 80 0
1 2 80 0
2 1 32 0
] ; resid = 0 ;
lnz = 5 ;
t = 0 ;   % dense solve time
